248339
891667
163432
702133
141826
779370
203923
114217
690152
910241
665254
120212
192540
894673
134829
585256
886674
106824
193845
724446
151930
325129
175540
168341
984472
885975
656657
686969
573249
191336
525541
617748
205220
197348
131722
389357
221319
541943
638049
732243
671855
330324
171633
172130
173334
164131
239136
182739
360030
177140
896778
199251
108323
140117
548250
720337
884064
122822
209329
579867
159441
441939
246133
176542
198249
207426
401422
146937
200008
767464
156334
833249
512835
397861
195041
204521
463040
135124
385450
380036
144933
194443
137532
969476
765864
209228
933253
469961
154835
917558
971160
165436
186848
168947
137128
859671
280739
172938
111009
872158
159239
249947
185442
601127
303624
159138
132118
436845
126426
146735
497865
159340
164636
214524
172433
202719
171330
393550
506234
131823
182840
205119
263436
320826
391748
731140
709551
715647
166438
113922
126325
154431
341834
139839
200614
861456
467351
397760
705341
100408
149337
917255
116524
395958
453441
414229
107018
118023
316835
139435
128632
210617
139637
677968
461743
519647
181232
191841
146129
783462
118831
558657
151526
352132
905147
757764
251833
199655
125525
192439
211922
143830
104012
153732
763557
299760
115017
782561
185947
852455
196750
586460
144226
111312
127731
124422
103010
113316
134728
148436
102816
680957
627549
169343
143325
103818
133625
129028
568963
162026
500222
189349
149741
433839
174841
212823
198047
117021
178647
182436
134627
943862
180533
654552
321323
744553
172332
194140
912447
172029
169444
901442
784565
133019
412528
951457
557857
150928
771354
148133
352738
233326
104416
187345
562345
130518
146432
818859
297655
322224
195445
151425
308129
749058
112516
844961
200109
187547
163129
148941
257845
116726
723141
675661
547046
901139
300719
153934
573451
107422
662551
130417
141422
106016
318637
926862
911849
214625
130619
144731
175439
115320
165638
145632
255639
100307
660951
287248
365343
131217
105115
205826
680452
788674
878877
385046
102311
145834
177645
212419
223929
112920
129331
654350
198855
623844
212318
293748
188549
145127
531940
634748
990366
667056
177746
158035
214019
196144
236130
257542
128127
522434
518746
615441
141119
342129
613538
108121
181636
536647
877168
250427
179245
849264
167036
770352
585862
114924
804646
169949
826353
123925
125424
151728
966975
453542
127226
555348
168745
314225
211417
119025
459453
753251
578057
792867
191942
695768
158843
558960
566454
185846
679568
120515
188347
959574
765056
213522
395251
475855
185341
311320
194847
183034
814548
112112
161832
683256
361941
685058
147636
713239
211316
180836
148032
896879
144428
113215
158540
137936
704238
154734
826454
136732
588565
153429
238033
204016
583858
628248
748258
872562
727654
134223
843151
180230
188448
194746
737960
117122
199352
604537
499566
206828
210415
841349
857263
164939
788876
138231
121921
129129
334635
930449
187143
137633
751348
131924
102008
970764
180432
118932
576255
908860
113619
212217
587664
882161
137229
158338
162329
115219
117324
516742
192136
178748
209935
123117
170631
201818
219231
190031
211215
932554
103414
127327
812746
589567
700634
196346
119126
169040
135629
706040
793465
117930
127933
368551
103111
105620
392750
465852
286650
627852
654754
529549
873968
517239
213017
153025
144832
962058
257946
151223
937160
645450
645551
989987
947668
480141
122620
510326
178950
620434
994273
173940
191235
114318
166640
894774
198350
173435
286347
867468
150625
633847
211619
186444
132017
815247
160830
182032
298455
154330
114419
180129
165840
107725
211114
565452
965771
268850
121618
105216
106319
149539
397154
206929
110613
208327
136631
729557
592455
209127
307127
304020
656253
523032
309636
146331
108525
991267
156031
910443
663755
157437
151829
149842
379657
626648
992673
176441
101107
152831
481042
204622
877269
729254
208630
140319
148840
635245
202113
126628
208024
339847
792766
149236
290136
151324
580044
486759
386250
118124
147737
889579
171532
118528
201414
570243
138534
224022
152427
155635
268749
520228
381543
156637
168139
715041
802844
680250
366446
133827
103212
160123
561242
107321
597869
237334
213421
424939
987074
129634
136126
555651
204218
803240
992774
672756
392447
109325
200513
110411
176037
749361
833148
952863
138332
759869
445543
157942
541640
316633
173536
206323
816653
870861
140925
175035
209834
270332
919966
865363
298051
109830
250932
176239
130013
180937
200917
142828
208125
333330
647858
135730
114621
616645
136227
201111
197550
162228
673455
377451
356948
199453
135225
955465
348545
524135
159744
207123
559457
350330
421226
305830
214221
957974
102109
102513
598568
172534
152225
856968
146836
147030
144125
303119
138837
173839
188751
188145
580751
432332
227432
845458
837560
173738
193239
185038
983773
849971
133928
125222
217429
378857
102614
212015
111716
567052
214423
993675
419239
571144
175742
622236
748662
165032
153833
220721
657659
156536
194645
415837
192035
168240
376247
